
GYRO_X = [ 910.000000 -280.000000 45010.000000 -32970.000000 30450.000000 -135870.000000 17360.000000 101080.000000 -66360.000000 135380.000000 -173810.000000 56420.000000 58520.000000 -69860.000000 181930.000000 -73500.000000 63770.000000 -51030.000000 -91140.000000 84210.000000 -104370.000000 47600.000000 -113890.000000 -31220.000000 134260.000000 -65660.000000 112420.000000 -146580.000000 -33320.000000 45430.000000 -47530.000000 59290.000000 -63280.000000 21700.000000 35420.000000 -30590.000000 130130.000000 -85400.000000 75250.000000 -72870.000000 -91070.000000 196700.000000 -45290.000000 109270.000000 -151060.000000 49630.000000 78050.000000 -29750.000000 117320.000000 -82810.000000 95270.000000 -58520.000000 121380.000000 -122850.000000 26530.000000 59010.000000 -27720.000000 50120.000000 -118090.000000 224420.000000 -95200.000000 37870.000000 134540.000000 5530.000000 104580.000000 110880.000000 -27790.000000 93520.000000 -85540.000000 68180.000000 -980.000000 39410.000000 -99330.000000 60760.000000 5250.000000 44030.000000 51450.000000 -130900.000000 1960.000000 128450.000000 -72170.000000 158970.000000 -193970.000000 128310.000000 -147910.000000 19880.000000 93660.000000 -145250.000000 75880.000000 -104650.000000 42350.000000 108780.000000 -102760.000000 117950.000000 -145110.000000 -14770.000000 177240.000000 -182210.000000 86310.000000 40390.000000 -84560.000000 182490.000000 -108920.000000 64470.000000 18200.000000 -89180.000000 78050.000000 -16590.000000 -79660.000000 50960.000000 166180.000000 -182000.000000 -70350.000000 151760.000000 -168000.000000 127750.000000 -213080.000000 -8190.000000 10640.000000 -49840.000000 210210.000000 -123130.000000 238000.000000 -201250.000000 188650.000000 -141400.000000 -138670.000000 68460.000000 55510.000000 -47810.000000 -48440.000000 -33180.000000 81410.000000 45780.000000 -93590.000000 -81690.000000 -13370.000000 -6160.000000 86800.000000 69160.000000 7910.000000 -62160.000000 -25340.000000 48790.000000 174300.000000 34580.000000 -241640.000000 -75250.000000 57260.000000 137480.000000 -243110.000000 -61810.000000 -66920.000000 238700.000000 -10220.000000 -84910.000000 -44870.000000 235900.000000 -183400.000000 -51590.000000 -1750.000000 200060.000000 -207830.000000 12810.000000 167930.000000 -123550.000000 55090.000000 91840.000000 -123970.000000 -9450.000000 180810.000000 -93450.000000 112000.000000 118160.000000 -138320.000000 -18130.000000 194670.000000 -145040.000000 40810.000000 77840.000000 -329140.000000 118790.000000 212870.000000 -175210.000000 140980.000000 150640.000000 -210980.000000 154350.000000 -198170.000000 -52780.000000 223720.000000 -160160.000000 207690.000000 -202580.000000 -49980.000000 189420.000000 -115570.000000 193200.000000 -194810.000000 -80850.000000 195650.000000 -107450.000000 178220.000000 -148750.000000 -68810.000000 214480.000000 -148330.000000 -16100.000000 151900.000000 -98770.000000 -83440.000000 126070.000000 70910.000000 -122920.000000 -63070.000000 112980.000000 58800.000000 -76370.000000 -11200.000000 164500.000000 -104440.000000 -64050.000000 -4760.000000 163940.000000 -133210.000000 -88760.000000 -16100.000000 120050.000000 20650.000000 -33740.000000 -11970.000000 42630.000000 -19180.000000 -40600.000000 90580.000000 -67410.000000 -34160.000000 129780.000000 -163100.000000 -24640.000000 180320.000000 -77280.000000 22960.000000 -86520.000000 82600.000000 181440.000000 -96810.000000 -74970.000000 188160.000000 85190.000000 -210490.000000 90790.000000 128940.000000 -200970.000000 22960.000000 179270.000000 -224140.000000 -222460.000000 167720.000000 216930.000000 -244580.000000 -125160.000000 213640.000000 206640.000000 -196630.000000 -205730.000000 10920.000000 223720.000000 -64400.000000 -108990.000000 203630.000000 113610.000000 -165200.000000 -106750.000000 167930.000000 19110.000000 -90160.000000 62860.000000 112070.000000 -71680.000000 -74900.000000 80920.000000 -57540.000000 1610.000000 -87430.000000 82950.000000 -222810.000000 51590.000000 182490.000000 -214760.000000 -26040.000000 229250.000000 -71680.000000 -87920.000000 211190.000000 -184870.000000 47320.000000 171920.000000 -100590.000000 -113190.000000 123480.000000 42210.000000 -88340.000000 -45710.000000 196070.000000 -70210.000000 -95270.000000 4900.000000 107170.000000 -46060.000000 -113330.000000 560.000000 106750.000000 19600.000000 -67690.000000 -77280.000000 61110.000000 111650.000000 -81060.000000 -64330.000000];
